0.803453266621
0.803479909897
0.803748250008
0.802313685417
0.801589548588
0.800527215004
0.80217975378
0.803667426109
0.802511870861
0.803458154202
0.80252212286
0.801609635353
0.800311326981
0.801154851913
0.780197203159
0.765595674515
0.752483308315
0.756017386913
0.758030354977
0.786522328854
0.806915700436
0.805155396461
0.803471446037
0.804139077663
0.801674544811
0.800978064537
0.803750276566
0.778668522835
0.772446155548
0.752243041992
0.761550366879
0.795749008656
0.80220335722
0.804855167866
0.802166223526
0.799129188061
0.805094480515
0.78668153286
0.749906122684
0.746836543083
0.746866166592
0.76093429327
0.752612829208
0.753960967064
0.75981336832
0.754402697086
0.747591793537
0.746735870838
0.746140301228
0.747022509575
0.746607720852
0.746877968311
0.758621811867
0.805024445057
0.80131560564
0.781672477722
0.763214170933
0.752876281738
0.782836079597
0.805385351181
0.803634047508
0.806803584099
0.80292069912
0.80454492569
0.803293168545
0.803932905197
0.803803563118
0.802279055119
0.804116904736
0.803440690041
0.803124308586
0.80044901371
0.802016377449
0.804230690002
0.806014180183
0.802331626415
0.795112788677
0.804238021374
0.797973334789
0.797528624535
0.803167521954
0.801105618477
0.804973006248
0.80559015274
0.806588590145
0.803957164288
0.788595020771
0.800546884537
0.790181159973
0.754811882973
0.746734678745
0.747251033783
0.768247902393
0.803888857365
0.804710388184
0.804534077644
0.800830245018
0.802757203579
0.804436981678
0.776821255684
0.782523453236
0.790834844112
0.807497024536
0.801416277885
0.80210185051
0.801229298115
0.804545521736
0.799892127514
0.801200687885
0.803524494171
0.801602363586
0.803486585617
0.803144574165
0.794415056705
0.800902724266
0.805920779705
0.802148461342
0.807798802853
0.790010511875
0.804167866707
0.808926284313
0.798238992691
0.804281830788
0.802557349205
0.797999858856
0.80396425724
0.806621074677
0.805024266243
0.803723216057
0.795265316963
0.805772781372
0.805685997009
0.797066569328
0.80425542593
0.802035927773
0.795006155968
0.805661320686
0.804790198803
0.799011588097
0.807568848133
0.793710589409
0.806515336037
0.803956568241
0.796557068825
0.809173047543
0.80682939291
0.803577125072
0.803376495838
0.803597450256
0.801156461239
0.801516771317
0.797537088394
0.801593065262
0.798259139061
0.799149274826
0.805787622929
0.805975496769
0.804277181625
0.80858027935
0.804019331932
0.800379395485
0.803039729595
0.802593886852
0.803324460983
0.799397587776
0.800166726112
0.801021754742
0.794531643391
0.803068816662
0.80380743742
0.809465408325
0.805360913277
0.801866352558
0.799724578857
0.805379152298
0.806173026562
0.802660882473
0.802738666534
0.802138626575
0.804715037346
0.806532979012
0.794734477997
0.787239730358
0.79764187336
0.801181316376
0.799774825573
0.805785357952
0.804115116596
0.803154051304
0.803351044655
0.804198265076
0.803540527821
0.804130733013
0.772919237614
0.766272366047
0.766986727715
0.787573158741
0.797650575638
0.794934511185
0.806301951408
0.803572058678
0.804732322693
0.805472135544
0.803562760353
0.800795435905
0.800533056259
0.801513791084
0.805149912834
0.800219297409
0.79905807972
0.802353143692
0.803333520889
0.80081820488
0.792584657669
0.781484663486
0.778994858265
0.775693356991
0.776880323887
0.787020027637
0.79488581419
0.79865193367
0.795942306519
0.784789264202
0.77288800478
0.772822380066
0.781232655048
0.796218454838
0.80188369751
0.802754342556
0.802584469318
0.798254370689
0.803066730499
0.804168999195
0.804135799408
0.802837908268
0.803301334381
0.803610980511
0.803465664387
0.802131652832
0.801780283451
0.805782556534
0.806385278702
0.800902664661
0.801934361458
0.802596986294
0.803857803345
0.804638624191
0.80603402853
0.796856582165
0.799435138702
0.80034917593
0.805150032043
0.804733514786
0.796389818192
0.804383218288
0.807257294655
0.807007193565
0.802379250526
0.799398422241
0.800404071808
0.800670385361
0.801441967487
0.80419921875
0.798624873161
0.800598442554
0.807213664055
0.804754376411
0.803381681442
0.801927030087
0.799628376961
0.803471326828
0.804013192654
0.796023488045
0.764499366283
0.760166823864
0.774851322174
0.780735135078
0.778777420521
0.784896612167
0.79135119915
0.797115981579
0.799536705017
0.80111771822
0.803640902042
0.803148031235
0.801723301411
0.804447710514
0.804472446442
0.804178833961
0.803724586964
0.803373634815
0.801776707172
0.800985693932
0.804171681404
0.804432868958
0.802572667599
0.799810051918
0.803564608097
0.804133296013
0.804793119431
0.803997933865
0.802485883236
0.797284543514
0.801174819469
0.805130302906
0.746235728264
0.739492893219
0.736361980438
0.746346592903
0.745173752308
0.74698472023
0.743839085102
0.738787293434
0.733536243439
0.745080769062
0.745136320591
0.731333434582
0.733505725861
0.747020304203
0.74527400732
0.74714666605
0.74577575922
0.744612753391
0.736426413059
0.744535803795
0.745037913322
0.735219657421
0.746231436729
0.755511105061
0.732683420181
0.747224926949
0.746791422367
0.744473338127
0.742063999176
0.745679736137
0.74543774128
0.744445919991
0.735491394997
0.746902823448
0.747588098049
0.746609568596
0.747302770615
0.74593091011
0.746038019657
0.741300106049
0.745832681656
0.746320843697
0.743337571621
0.741175889969
0.747082591057
0.746073186398
0.747013151646
0.746706485748
0.744709849358
0.744804143906
0.746736884117
0.745511472225
0.74599802494
0.743229091167
0.747011303902
0.746438503265
0.746662139893
0.746020376682
0.744409739971
0.743359923363
0.745346009731
0.745387792587
0.738714158535
0.732616245747
0.745618343353
0.74610388279
0.746145784855
0.743411958218
0.744715332985
0.746385395527
0.746136188507
0.744568347931
0.737107694149
0.729408740997
0.737020730972
0.746442675591
0.746094763279
0.74721121788
0.744499802589
0.745385527611
0.743830919266
0.744587779045
0.738505244255
0.731868207455
0.744126021862
0.746456801891
0.74573123455
0.746524274349
0.745016396046
0.745446622372
0.740187525749
0.744188904762
0.738152980804
0.728238999844
0.729705810547
0.742137789726
0.745192170143
0.747186183929
0.746617674828
0.744576334953
0.740606665611
0.744663059711
0.745139420033
0.736508131027
0.729646444321
0.736709535122
0.746848940849
0.746514618397
0.747491538525
0.746451675892
0.746109724045
0.747770428658
0.745955407619
0.746356964111
0.741530299187
0.737035751343
0.747364580631
0.747073173523
0.747125923634
0.747531056404
0.745684921741
0.746862888336
0.746730029583
0.745654463768
0.746097505093
0.73970246315
0.736433684826
0.747288584709
0.746833920479
0.747242569923
0.747162461281
0.745144426823
0.746477007866
0.746318817139
0.745174527168
0.745257496834
0.73157453537
0.729794442654
0.735465466976
0.746164023876
0.746157288551
0.743483901024
0.744169950485
0.743983983994
0.739816963673
0.745544612408
0.746471703053
0.74320012331
0.738713145256
0.746987462044
0.746434628963
0.746762573719
0.745270371437
0.743319392204
0.738014101982
0.739791750908
0.745192468166
0.740030348301
0.730834722519
0.736087203026
0.747214019299
0.748027801514
0.747281730175
0.746559739113
0.745642781258
0.746320366859
0.745770454407
0.745773375034
0.734537363052
0.728852510452
0.732167720795
0.746789216995
0.744734346867
0.744844019413
0.744030177593
0.745119929314
0.742282450199
0.745215117931
0.744972527027
0.730148553848
0.729296565056
0.743099451065
0.744753599167
0.744527339935
0.740631222725
0.743199050426
0.733658909798
0.735696077347
0.743591248989
0.72821944952
0.72650873661
0.729707062244
0.746208190918
0.745070278645
0.739010095596
0.741915106773
0.742281734943
0.734151959419
0.744665443897
0.743033647537
0.727130830288
0.727644443512
0.735056936741
0.74548625946
0.746874928474
0.746528089046
0.744804620743
0.747039854527
0.746593356133
0.744872450829
0.732127070427
0.728340625763
0.735385656357
0.746553719044
0.746086657047
0.747534573078
0.744977116585
0.744794249535
0.738462030888
0.744400858879
0.741748809814
0.72738057375
0.728114485741
0.73743057251
0.74503582716
0.744585573673
0.736958444118
0.744051039219
0.74435710907
0.744635224342
0.745360016823
0.745422840118
0.732493340969
0.733229160309
0.746908307076
0.747235298157
0.747139275074
0.7469201684
0.745289206505
0.747584879398
0.746511518955
0.745835900307
0.741943180561
0.730721890926
0.731325030327
0.739531159401
0.746833205223
0.745699703693
0.747604727745
0.746294379234
0.746831178665
0.747633576393
0.74547368288
0.74476569891
0.728377640247
0.726980626583
0.731010198593
0.746624946594
0.746355652809
0.74730604887
0.74560046196
0.747365474701
0.747179090977
0.744183003902
0.733949184418
0.726294398308
0.727144837379
0.733036458492
0.746147274971
0.747130393982
0.74686396122
0.745358347893
0.747696518898
0.744577348232
0.742912352085
0.726826548576
0.725904345512
0.72800129652
0.737005472183
0.746176838875
0.747538506985
0.745714962482
0.747090578079
0.747071683407
0.743162572384
0.728860318661
0.725587725639
0.725764811039
0.728062689304
0.737424075603
0.744810581207
0.741198182106
0.742889165878
0.738735854626
0.732600927353
0.742515146732
0.732952594757
0.725728154182
0.725564718246
0.72734606266
0.732463181019
0.744544506073
0.745241224766
0.742127180099
0.737292468548
0.74410289526
0.746836185455
0.74520945549
0.741111755371
0.730764091015
0.735495567322
0.747398674488
0.746832191944
0.744211614132
0.733254909515
0.733017385006
0.746553301811
0.744845628738
0.730598568916
0.728819131851
0.730461239815
0.744641304016
0.73924601078
0.74222111702
0.731700241566
0.732470810413
0.745362043381
0.739887773991
0.725608408451
0.727563977242
0.727817773819
0.744605720043
0.741448104382
0.742546856403
0.733396649361
0.73056101799
0.745475053787
0.784687280655
0.743875801563
0.727214574814
0.728777170181
0.728956818581
0.735248267651
0.732941508293
0.742876410484
0.73401761055
0.734071552753
0.747171938419
0.771726191044
0.743296265602
0.728641808033
0.728534340858
0.737323641777
0.732071399689
0.733635425568
0.731242060661
0.730294167995
0.746215105057
0.745427846909
0.735417127609
0.728118598461
0.728424310684
0.740888416767
0.731408119202
0.733369469643
0.737588584423
0.731643378735
0.745819807053
0.746121942997
0.743076562881
0.728210330009
0.729562401772
0.743071317673
0.746931314468
0.745947003365
0.74619448185
0.747676789761
0.746873140335
0.793116748333
0.744822263718
0.732107996941
0.73020452261
0.741709291935
0.747141718864
0.746093869209
0.746143579483
0.747688472271
0.746759653091
0.780891478062
0.743850767612
0.728504598141
0.729228556156
0.736547291279
0.743310570717
0.740043103695
0.744931340218
0.7455047369
0.746853232384
0.803972482681
0.763928055763
0.744828164577
0.735717892647
0.741000413895
0.745774388313
0.743881642818
0.74406671524
0.741509020329
0.733764886856
0.746915102005
0.794099092484
0.746233761311
0.740068793297
0.731308817863
0.738506317139
0.742149233818
0.734735012054
0.744396984577
0.745826840401
0.744167685509
0.747725367546
0.798736810684
0.743507146835
0.729939699173
0.729389369488
0.732722401619
0.743123590946
0.740730285645
0.743122637272
0.731804788113
0.734478294849
0.748726844788
0.786871135235
0.744034767151
0.729852318764
0.729764699936
0.74015891552
0.73266941309
0.735913097858
0.745849907398
0.74726831913
0.746897339821
0.802550971508
0.802057981491
0.723344922066
0.741086661816
0.731710076332
0.744090676308
0.747461378574
0.74657869339
0.745500802994
0.74679261446
0.746995329857
0.80349946022
0.794738173485
0.744093298912
0.729802846909
0.729632973671
0.742697060108
0.747690975666
0.746040642262
0.746225595474
0.746993362904
0.746906161308
0.792732179165
0.746171951294
0.742179512978
0.728417992592
0.728666126728
0.739900231361
0.735076367855
0.739495992661
0.735616624355
0.733698606491
0.746872544289
0.801802694798
0.735005795956
0.743111729622
0.731094121933
0.735222756863
0.74388563633
0.735118925571
0.742065906525
0.737623989582
0.736181735992
0.747352302074
0.753004968166
0.744070231915
0.730751812458
0.733996033669
0.745730757713
0.746875345707
0.745412945747
0.746320962906
0.743903040886
0.746882736683
0.792399287224
0.744747877121
0.732460856438
0.730322659016
0.739248037338
0.745156884193
0.739075243473
0.743919789791
0.739119887352
0.741661071777
0.74997395277
0.774510800838
0.743625402451
0.728970170021
0.729413509369
0.742222130299
0.733447849751
0.734983026981
0.733176410198
0.730908095837
0.745576858521
0.780084729195
0.743735015392
0.728023171425
0.728880643845
0.731771290302
0.73899358511
0.740909934044
0.744530379772
0.739410161972
0.74265229702
0.753226399422
0.763591647148
0.743691504002
0.730058372021
0.731642365456
0.744664788246
0.740739047527
0.742658019066
0.743060231209
0.733303010464
0.744794666767
0.800472855568
0.770722985268
0.743077218533
0.727750062943
0.728329002857
0.736198067665
0.741425514221
0.741117417812
0.731366038322
0.730602324009
0.746697485447
0.80353552103
0.793895244598
0.742684185505
0.733443081379
0.729644298553
0.732896506786
0.742205679417
0.733319938183
0.735697627068
0.729586422443
0.731059730053
0.747463703156
0.793032646179
0.743706047535
0.727340638638
0.728413283825
0.72706925869
0.727596282959
0.727081418037
0.726986348629
0.728570401669
0.729594051838
0.785224020481
0.77191221714
0.742691636086
0.726874351501
0.72713214159
0.727050364017
0.72946536541
0.727898955345
0.729846179485
0.731087327003
0.746954321861
0.800305843353
0.734163403511
0.732497930527
0.728116750717
0.725595533848
0.726755797863
0.727421998978
0.726657450199
0.729127824306
0.731250762939
0.764396369457
0.797319948673
0.743960440159
0.729638695717
0.729265630245
0.728186428547
0.731436014175
0.730713605881
0.738248825073
0.730294108391
0.733139276505
0.750085473061
0.802946448326
0.72411108017
0.735504865646
0.728036642075
0.727574944496
0.742025256157
0.739687740803
0.735191404819
0.726669549942
0.727349579334
0.730567932129
0.745879292488
0.745948255062
0.747377097607
0.746001958847
0.746591389179
0.745863318443
0.746433973312
0.74597632885
0.744197010994
0.734746217728
0.736726880074
0.747475147247
0.747049331665
0.773814976215
0.8132417202
0.796976685524
0.745200932026
0.730383098125
0.727391600609
0.729369044304
0.743678689003
0.746272265911
0.745278120041
0.747108101845
0.747250854969
0.751112520695
0.721596717834
0.741401314735
0.728077292442
0.727666318417
0.729160785675
0.731955587864
0.734233140945
0.732551693916
0.730759620667
0.743052899837
0.746316671371
0.7463311553
0.747180223465
0.746818900108
0.748058795929
0.797016561031
0.755837619305
0.748970746994
0.750015795231
0.747119665146
0.746595561504
0.744013667107
0.728847444057
0.726784527302
0.727844595909
0.729558765888
0.735937297344
0.747029662132
0.776641190052
0.76630371809
0.759010851383
0.743292212486
0.730812549591
0.726492762566
0.729283392429
0.740792095661
0.744090676308
0.741058886051
0.742962956429
0.747091710567
0.746135592461
0.745968997478
0.743271648884
0.734996199608
0.736679852009
0.744734883308
0.745539188385
0.7427906394
0.738554239273
0.735538005829
0.730330109596
0.727081894875
0.725653588772
0.726027607918
0.727210521698
0.732242763042
0.742428302765
0.735533595085
0.730630934238
0.734988510609
0.747062385082
0.747516214848
0.742813646793
0.726576507092
0.726311385632
0.72811371088
0.740825295448
0.74670869112
0.746600806713
0.746939182281
0.746929585934
0.758005678654
0.73319619894
0.745288074017
0.730845272541
0.72999894619
0.735949754715
0.745188653469
0.743489086628
0.728805541992
0.726954996586
0.727747321129
0.726842284203
0.725804209709
0.725185990334
0.725440979004
0.72566139698
0.726543605328
0.728583037853
0.736627280712
0.741232693195
0.742107689381
0.742825090885
0.730902731419
0.727142393589
0.726378619671
0.726252377033
0.72714471817
0.729418635368
0.733862042427
0.728945493698
0.727241873741
0.72757589817
0.727369308472
0.725819587708
0.725184202194
0.725259006023
0.725434243679
0.72601377964
0.726394295692
0.728034615517
0.730795383453
0.733829140663
0.730355322361
0.727093160152
0.726266026497
0.726232528687
0.726544499397
0.727034747601
0.727552652359
0.728504300117
0.728667736053
0.728967547417
0.729344427586
0.730555653572
0.72932267189
0.728047370911
0.728747069836
0.732884407043
0.736324429512
0.743336737156
0.746818125248
0.745739281178
0.746549248695
0.746818423271
0.746439635754
0.745051562786
0.734773874283
0.727368593216
0.726783931255
0.728097915649
0.732991755009
0.746174156666
0.745067954063
0.740366697311
0.743962228298
0.746466755867
0.745604276657
0.746394574642
0.745728611946
0.746456444263
0.747194290161
0.746463894844
0.746861875057
0.746340572834
0.746484339237
0.745276212692
0.736010670662
0.730526387691
0.730243623257
0.733071446419
0.732921242714
0.736473202705
0.746620535851
0.746984958649
0.750073373318
0.797156274319
0.801661431789
0.791391909122
0.744839191437
0.728500723839
0.726358652115
0.728202342987
0.743780612946
0.747039556503
0.74634706974
0.746469676495
0.747089207172
0.746119141579
0.744345128536
0.731267035007
0.727887094021
0.734550654888
0.746907889843
0.772964060307
0.789358198643
0.786234974861
0.750671207905
0.746822655201
0.746112346649
0.746823787689
0.74468678236
0.745214283466
0.747289121151
0.747211873531
0.765965819359
0.747748494148
0.746575176716
0.746817827225
0.745763480663
0.742573618889
0.727579057217
0.725712656975
0.7262403965
0.726866662502
0.730773746967
0.743692398071
0.746470630169
0.745228230953
0.744639396667
0.735341012478
0.729638397694
0.728214204311
0.727241814137
0.726574778557
0.726822257042
0.72837382555
0.736150026321
0.745701432228
0.74643099308
0.744734108448
0.745122134686
0.741254448891
0.727834701538
0.72509431839
0.726315438747
0.72670674324
0.73024725914
0.74615418911
0.74645036459
0.74702167511
0.746700882912
0.745923519135
0.744987428188
0.732701003551
0.727505385876
0.727407693863
0.729921996593
0.745268762112
0.746803402901
0.745921611786
0.747193694115
0.747171938419
0.775424003601
0.748015105724
0.746428191662
0.746563255787
0.746072947979
0.746846735477
0.747092366219
0.754670381546
0.747672617435
0.746493041515
0.74549305439
0.742576956749
0.733643233776
0.733922183514
0.737568378448
0.743960618973
0.746177792549
0.745076417923
0.746600866318
0.746055305004
0.745618343353
0.746698498726
0.74493843317
0.744813144207
0.737199246883
0.736642599106
0.735665261745
0.743321657181
0.746157467365
0.746397733688
0.744944155216
0.743830680847
0.741305530071
0.730654478073
0.728147149086
0.73601359129
0.745455145836
0.747280240059
0.746922373772
0.745444417
0.747724473476
0.746648311615
0.744226872921
0.727385044098
0.727578341961
0.732623338699
0.747839093208
0.784656345844
0.783590316772
0.766845226288
0.75839304924
0.764907538891
0.744112849236
0.729395925999
0.730665802956
0.746780395508
0.794063925743
0.752307534218
0.74733954668
0.754656493664
0.750716328621
0.749728262424
0.734164059162
0.746867001057
0.746398508549
0.747382998466
0.748112738132
0.782900154591
0.791792035103
0.798932731152
0.761675417423
0.760556340218
0.780920684338
0.746831119061
0.746819615364
0.746910214424
0.756739974022
0.792433083057
0.785070300102
0.811343371868
0.786009073257
0.787027239799
0.786362826824
0.757221460342
0.74693775177
0.74730527401
0.746937453747
0.788071632385
0.774992763996
0.760965704918
0.784693241119
0.771089553833
0.762707531452
0.741439402103
0.732681453228
0.726799607277
0.729796588421
0.746443450451
0.730593621731
0.747331738472
0.74658960104
0.747004210949
0.747035861015
0.746773838997
0.74664825201
0.746316730976
0.747530400753
0.747088193893
0.750982403755
0.747665643692
0.747501373291
0.746468007565
0.747089266777
0.745780587196
0.746392190456
0.745884537697
0.747437596321
0.747301697731
0.749018490314
0.747172892094
0.746903240681
0.752053916454
0.749524533749
0.761826336384
0.74510204792
0.72815155983
0.726949155331
0.730653047562
0.746644735336
0.756747305393
0.748254597187
0.762436568737
0.754007041454
0.753385782242
0.737975001335
0.734429836273
0.726180672646
0.72798371315
0.737569391727
0.760271191597
0.747394382954
0.746948063374
0.749408006668
0.747166335583
0.746708214283
0.745418310165
0.745692014694
0.739501237869
0.747135519981
0.746838450432
0.769521892071
0.75694668293
0.756096482277
0.750399768353
0.746948480606
0.747979402542
0.750026285648
0.746608614922
0.746746003628
0.747165203094
0.749560058117
0.7446154356
0.747079074383
0.748774945736
0.746687054634
0.747621536255
0.745795488358
0.746138215065
0.73759239912
0.730566263199
0.73340845108
0.746688365936
0.748661518097
0.747069597244
0.746737539768
0.745861649513
0.747056484222
0.745998620987
0.746588289738
0.745888948441
0.743721425533
0.747068464756
0.74681520462
0.736720383167
0.747205376625
0.746053040028
0.747122168541
0.74727666378
0.745923876762
0.746653437614
0.744616150856
0.737280786037
0.741067111492
0.747757315636
0.773363947868
0.768334209919
0.748377561569
0.74714243412
0.747107028961
0.750016748905
0.746501803398
0.745863080025
0.74703001976
0.747021615505
0.76498234272
0.747058689594
0.746986210346
0.745752155781
0.747194349766
0.746766865253
0.746797740459
0.746391415596
0.745618999004
0.747452020645
0.748064637184
0.746735572815
0.747163832188
0.745804548264
0.746935546398
0.74015212059
0.741065859795
0.726667404175
0.72524702549
0.727632582188
0.72981607914
0.746394395828
0.748101294041
0.749603867531
0.750003457069
0.747959136963
0.752936184406
0.743795633316
0.728003501892
0.726982831955
0.731349945068
0.746740341187
0.748955011368
0.747005105019
0.747289896011
0.747166156769
0.747003138065
0.745260298252
0.744122385979
0.727586150169
0.729795575142
0.744228601456
0.753735005856
0.748773276806
0.749490618706
0.745929121971
0.747391760349
0.746379971504
0.744004011154
0.727068006992
0.72644585371
0.729268550873
0.745854854584
0.745397806168
0.745051681995
0.746308863163
0.746991217136
0.746973931789
0.747144460678
0.745852470398
0.736128926277
0.727432310581
0.730681538582
0.74675321579
0.769069910049
0.781650543213
0.75641566515
0.747698187828
0.747291624546
0.744435966015
0.736537098885
0.726989388466
0.728074848652
0.736087560654
0.746891140938
0.737592995167
0.747275054455
0.747163534164
0.749868392944
0.761079907417
0.765293180943
0.744336724281
0.727619826794
0.725530147552
0.727766275406
0.73233705759
0.747271597385
0.76902616024
0.777004361153
0.770137369633
0.759654402733
0.75662112236
0.746203362942
0.736065089703
0.728586494923
0.733405411243
0.746814906597
0.772296845913
0.796357989311
0.769396662712
0.748957395554
0.747264742851
0.743230938911
0.725685238838
0.725604474545
0.726618945599
0.72878408432
0.745677351952
0.766798853874
0.768263220787
0.749633848667
0.747109949589
0.744783759117
0.73206615448
0.726177215576
0.727042615414
0.726952970028
0.728487253189
0.743802607059
0.74672973156
0.746586918831
0.744720220566
0.745050787926
0.744719862938
0.735278189182
0.726061582565
0.727452754974
0.727706074715
0.728897869587
0.737364888191
0.747029066086
0.747025609016
0.744918346405
0.746777653694
0.747559070587
0.797569155693
0.74395865202
0.73221206665
0.731877744198
0.745864033699
0.747432351112
0.74470025301
0.743080496788
0.733982622623
0.746713757515
0.761232018471
0.743104696274
0.727994024754
0.728570699692
0.744220435619
0.746385812759
0.744702398777
0.745891690254
0.739922702312
0.746660709381
0.744329631329
0.726695239544
0.726554512978
0.728425621986
0.738074958324
0.739966630936
0.740222513676
0.743863880634
0.735239505768
0.74364989996
0.799689233303
0.726818263531
0.736763119698
0.727850556374
0.727704167366
0.736139655113
0.732206463814
0.739261031151
0.746456623077
0.744695365429
0.746820092201
0.80244833231
0.735137343407
0.734600484371
0.730780661106
0.738801300526
0.735670149326
0.735497534275
0.740452170372
0.732483327389
0.742245852947
0.7739803195
0.743376135826
0.727730095387
0.728901445866
0.737730503082
0.738446354866
0.735668897629
0.743828833103
0.740972340107
0.74660640955
0.795362949371
0.745120406151
0.734229981899
0.730017840862
0.735170066357
0.746237099171
0.744092524052
0.745275497437
0.747609317303
0.747041046619
0.796973884106
0.742435872555
0.743446648121
0.73041921854
0.732872724533
0.746367454529
0.745786964893
0.745884597301
0.747335731983
0.746850728989
0.792681097984
0.735475122929
0.736001610756
0.728904366493
0.730028927326
0.744700610638
0.737577974796
0.744100809097
0.747667133808
0.746929764748
0.796936452389
0.795620501041
0.745058894157
0.738203287125
0.733894050121
0.743477940559
0.741867303848
0.744602382183
0.745886147022
0.746904432774
0.746784210205
0.802889227867
0.763959825039
0.74417757988
0.730412900448
0.731770157814
0.745719492435
0.747818648815
0.744937896729
0.746706724167
0.745614588261
0.746986091137
0.802100837231
0.760711729527
0.741948843002
0.72914236784
0.728693664074
0.744470000267
0.737805306911
0.742006421089
0.734187543392
0.732417106628
0.746840715408
0.802639901638
0.719450294971
0.73644888401
0.730538845062
0.735098540783
0.742864847183
0.737120866776
0.745294213295
0.747243285179
0.746981501579
0.76981651783
0.794894814491
0.776249706745
0.744522809982
0.731938302517
0.735146343708
0.746691584587
0.745840907097
0.745597600937
0.747304916382
0.747106909752
0.7805159688
0.803289413452
0.740636825562
0.743483304977
0.731141507626
0.733263909817
0.74697548151
0.746525704861
0.745566964149
0.747638881207
0.74708199501
0.799893975258
0.789012372494
0.744079053402
0.729185461998
0.729211390018
0.738919198513
0.743530154228
0.742903769016
0.741553604603
0.73368537426
0.746625423431
0.802906572819
0.784658789635
0.743927001953
0.72996866703
0.730301499367
0.740799069405
0.733890593052
0.738088786602
0.745730400085
0.738763511181
0.746697545052
0.789801836014
0.745234727859
0.735432267189
0.731443703175
0.743724346161
0.745507955551
0.745490193367
0.745514631271
0.746984064579
0.746846079826
0.801871538162
0.76461994648
0.743895232677
0.730409562588
0.732632875443
0.74608194828
0.747309803963
0.745430290699
0.747241258621
0.747381389141
0.747382104397
0.797589600086
0.740766525269
0.730496406555
0.729593515396
0.733622789383
0.732820689678
0.731414973736
0.735533714294
0.731258511543
0.737959265709
0.798686861992
0.728063941002
0.738863646984
0.729048788548
0.728730559349
0.742110729218
0.735980570316
0.744330704212
0.745848298073
0.744179069996
0.747107028961
0.800035715103
0.743997573853
0.732271909714
0.730575501919
0.740223646164
0.742811143398
0.735840797424
0.740949511528
0.73332631588
0.738267838955
0.759097456932
0.802180111408
0.736759662628
0.730333149433
0.729242622852
0.729925692081
0.737981379032
0.736258625984
0.735660135746
0.731806874275
0.740627765656
0.801935911179
0.801165759563
0.770770907402
0.743893682957
0.730568230152
0.733109354973
0.744476795197
0.737764954567
0.736222028732
0.732084870338
0.731131732464
0.746276378632
0.802433490753
0.735196769238
0.740684688091
0.728670120239
0.727143347263
0.728987634182
0.7289301157
0.726646840572
0.727913022041
0.729060411453
0.746816039085
0.799256980419
0.737884879112
0.729340672493
0.728771269321
0.726897597313
0.728870213032
0.728402853012
0.732822060585
0.733489573002
0.746229410172
0.803363084793
0.789759874344
0.744170248508
0.729068279266
0.726934313774
0.726884901524
0.728520989418
0.726908326149
0.729038536549
0.730706274509
0.747119486332
0.802765607834
0.783143937588
0.743400335312
0.72880923748
0.727549731731
0.73522824049
0.73145031929
0.734715521336
0.733697533607
0.732694804668
0.74695622921
0.80404061079
0.791601717472
0.743483603001
0.727573990822
0.728476643562
0.73381114006
0.743049263954
0.738041043282
0.725421667099
0.725515663624
0.726578056812
0.727775037289
0.733066856861
0.732127428055
0.730300962925
0.730005800724
0.728877723217
0.726917803288
0.726057946682
0.725803852081
0.725770831108
0.726107358932
0.728542327881
0.743606746197
0.802464723587
0.797442436218
0.794719696045
0.743172109127
0.728349924088
0.725470244884
0.726031541824
0.726463079453
0.726842999458
0.726685106754
0.726110816002
0.730141282082
0.744574129581
0.75732254982
0.744210720062
0.727195382118
0.725946187973
0.725886940956
0.725879907608
0.725854158401
0.725756764412
0.726924657822
0.729676365852
0.746867835522
0.765995204449
0.748634338379
0.747271537781
0.772940635681
0.803802013397
0.808577656746
0.784439682961
0.781543910503
0.749632239342
0.746910870075
0.74379658699
0.731236636639
0.725621163845
0.725484609604
0.725646913052
0.727186322212
0.731675744057
0.754085242748
0.805156707764
0.777931809425
0.734967052937
0.739634871483
0.725655078888
0.725836753845
0.726261436939
0.727108836174
0.727577209473
0.727492272854
0.727780640125
0.728929281235
0.728032827377
0.726650059223
0.725781321526
0.725837349892
0.72645509243
0.726479411125
0.726236045361
0.725901305676
0.725697517395
0.725321292877
0.725126445293
0.725037276745
0.725258648396
0.725494623184
0.726206660271
0.726079940796
0.725727319717
0.725523352623
0.727057635784
0.729088902473
0.746809959412
0.742416858673
0.727782249451
0.725691020489
0.726036667824
0.726607561111
0.727205991745
0.727393627167
0.727967441082
0.733766198158
0.746711075306
0.788532078266
0.756549954414
0.746445417404
0.743835270405
0.729170262814
0.727165102959
0.727468550205
0.726874947548
0.72649294138
0.726100981236
0.725994706154
0.727437198162
0.728858470917
0.73018860817
0.726159512997
0.72559773922
0.725743174553
0.725383341312
0.725818455219
0.72608935833
0.725770115852
0.725645124912
0.725221395493
0.725130498409
0.725253105164
0.725477099419
0.725964188576
0.726283311844
0.72613722086
0.726362228394
0.72624874115
0.72596681118
0.726042807102
0.727094113827
0.727796792984
0.730484724045
0.727483689785
0.726052701473
0.725842416286
0.72553217411
0.725901663303
0.72569835186
0.725792527199
0.726262331009
0.728110313416
0.736496627331
0.746012032032
0.743109703064
0.729238808155
0.726549863815
0.725906729698
0.725731790066
0.725546300411
0.725423932076
0.725420594215
0.725634217262
0.72577393055
0.726245760918
0.72688794136
0.727983832359
0.729381144047
0.731836915016
0.735970556736
0.73611664772
0.728707432747
0.72601121664
0.725347518921
0.725382983685
0.725536227226
0.72626298666
0.726668715477
0.727015137672
0.726273715496
0.726687312126
0.727515101433
0.728599309921
0.727225363255
0.726633191109
0.726906180382
0.728243112564
0.731905281544
0.736995279789
0.733102679253
0.728160381317
0.726901531219
0.726586282253
0.726246118546
0.725991010666
0.72608011961
0.725965380669
0.726404726505
0.726842105389
0.73551428318
0.746802151203
0.808653235435
0.796210706234
0.783153712749
0.734846711159
0.731945455074
0.725717306137
0.726323604584
0.727371990681
0.731293916702
0.734851956367
0.731151163578
0.730001211166
0.731531322002
0.731481790543
0.727797210217
0.726351737976
0.726673543453
0.728960335255
0.739916503429
0.746032476425
0.745964646339
0.746035993099
0.745506107807
0.742801904678
0.73171043396
0.729023814201
0.730144441128
0.7328094244
0.739661574364
0.7448335886
0.744118511677
0.733654141426
0.729488790035
0.72900724411
0.727608919144
0.726172029972
0.725701510906
0.725753068924
0.725843191147
0.726017177105
0.726451218128
0.726604819298
0.726740658283
0.726326286793
0.725707292557
0.726746618748
0.727037906647
0.729716360569
0.726957380772
0.725733935833
0.725891768932
0.726864933968
0.729324698448
0.739478051662
0.730088472366
0.726543009281
0.725924730301
0.725211560726
0.724892318249
0.725315630436
0.725429415703
0.726334691048
0.727496027946
0.732774555683
0.734870433807
0.732622921467
0.73060208559
0.728674590588
0.726590573788
0.726000368595
0.725993812084
0.726220965385
0.727078795433
0.728537082672
0.729880690575
0.729522645473
0.733002126217
0.746040582657
0.745983481407
0.744617819786
0.736454427242
0.733426988125
0.731459438801
0.731849610806
0.738346338272
0.742958724499
0.733769178391
0.728167355061
0.726487576962
0.725940704346
0.725498020649
0.725428640842
0.725433588028
0.726145267487
0.726888775826
0.729297935963
0.729945123196
0.72817915678
0.727791368961
0.727753639221
0.727108716965
0.72602725029
0.726173877716
0.725564599037
0.72636038065
0.727104067802
0.728306114674
0.72702974081
0.72622179985
0.726142883301
0.735590875149
0.728157818317
0.730714976788
0.744398593903
0.745037674904
0.735116839409
0.736495673656
0.733079016209
0.734631299973
0.743241131306
0.73056435585
0.727086305618
0.730975151062
0.746235966682
0.747047781944
0.746961176395
0.751778185368
0.747284531593
0.746955275536
0.743882536888
0.737498581409
0.730463981628
0.744746744633
0.765102267265
0.745516240597
0.747008681297
0.74561971426
0.747257947922
0.747312188148
0.747823596001
0.746019184589
0.734893679619
0.730939269066
0.745458126068
0.747251808643
0.746722877026
0.74717849493
0.745895981789
0.74746632576
0.746932685375
0.755884230137
0.746918916702
0.746297121048
0.747583270073
0.747054696083
0.755477786064
0.749957621098
0.761636197567
0.752664983273
0.747500538826
0.7567923069
0.746321380138
0.736401379108
0.738759815693
0.746655285358
0.746311306953
0.74713075161
0.747226774693
0.752863287926
0.747005164623
0.745796918869
0.743484377861
0.727739751339
0.728038728237
0.738190412521
0.744676470757
0.742015421391
0.734182655811
0.743484318256
0.743708968163
0.745193183422
0.745037198067
0.734432578087
0.73111730814
0.74448376894
0.745377421379
0.746245026588
0.743810594082
0.743467271328
0.738651871681
0.738424003124
0.740757346153
0.728940844536
0.729038953781
0.740206420422
0.745347321033
0.745641350746
0.738925337791
0.745445966721
0.747601747513
0.746525347233
0.744472026825
0.728929102421
0.726222872734
0.728444099426
0.740278303623
0.745906889439
0.747244775295
0.746140837669
0.746946752071
0.74727833271
0.745718300343
0.74583953619
0.733829915524
0.730483531952
0.741353213787
0.74615585804
0.746673166752
0.747286379337
0.745254814625
0.746252298355
0.744580626488
0.74503415823
0.746477782726
0.745379209518
0.747388899326
0.746927142143
0.770636379719
0.747003495693
0.747317373753
0.744586467743
0.746228039265
0.746266901493
0.745383739471
0.742301464081
0.729255735874
0.731287062168
0.746362566948
0.745214343071
0.747341811657
0.746668994427
0.744026660919
0.737425208092
0.741525292397
0.745725870132
0.745579063892
0.735960483551
0.737175583839
0.746645212173
0.7447514534
0.744137048721
0.73738771677
0.742170929909
0.732319176197
0.734829723835
0.745992779732
0.746606945992
0.746132791042
0.747396826744
0.746750593185
0.74389064312
0.742079496384
0.734768331051
0.736215531826
0.731655955315
0.736340641975
0.745524048805
0.736538827419
0.729798853397
0.732428252697
0.746598601341
0.74578076601
0.747461080551
0.745002508163
0.745190322399
0.741207122803
0.744424164295
0.744090557098
0.728961110115
0.727966427803
0.731889545918
0.746080160141
0.744642198086
0.735749423504
0.740071475506
0.744727313519
0.741094946861
0.745060861111
0.745320558548
0.731443285942
0.73241508007
0.746145606041
0.744316518307
0.736013352871
0.737230479717
0.74091553688
0.731563746929
0.73545640707
0.732106208801
0.725182116032
0.726310789585
0.728611588478
0.743958830833
0.747045755386
0.747267484665
0.746015489101
0.747323989868
0.746991693974
0.744482398033
0.73454874754
0.726119816303
0.727966487408
0.736921072006
0.744704663754
0.743767976761
0.743923723698
0.745109796524
0.742510855198
0.744601547718
0.743453085423
0.727083206177
0.727176964283
0.732338070869
0.745676040649
0.747068941593
0.746823430061
0.743316352367
0.733944773674
0.734429001808
0.743750929832
0.728457927704
0.726067245007
0.72779160738
0.735386550426
0.74334269762
0.732339680195
0.732713580132
0.743886768818
0.738127112389
0.74475479126
0.745838105679
0.738011419773
0.727741897106
0.729649484158
0.745379686356
0.74605345726
0.747259736061
0.745904266834
0.746248483658
0.74612480402
0.744299590588
0.744515419006
0.728571176529
0.727150917053
0.728693842888
0.739923775196
0.746130287647
0.746138870716
0.740982472897
0.745299100876
0.747273087502
0.747233092785
0.744291186333
0.731788277626
0.725943148136
0.726677834988
0.730212807655
0.74571287632
0.747293233871
0.747124731541
0.745540618896
0.747550487518
0.746414482594
0.744906961918
0.728468179703
0.725990414619
0.7278444767
0.735960423946
0.745598137379
0.747279286385
0.746282160282
0.746803641319
0.747571706772
0.743627011776
0.7296179533
0.725364029408
0.725645184517
0.728096306324
0.735768437386
0.747016251087
0.747262597084
0.744617581367
0.74605178833
0.744683980942
0.738237679005
0.725394904613
0.726135194302
0.725811183453
0.728278398514
0.735976397991
0.742541730404
0.732948660851
0.736787080765
0.730396986008
0.731143951416
0.73826956749
0.725340008736
0.726140737534
0.726602852345
0.728200435638
0.731439471245
0.744328379631
0.736114501953
0.734271228313
0.731002092361
0.734350383282
0.745073199272
0.743590116501
0.729796588421
0.728809833527
0.730202078819
0.734216272831
0.735881388187
0.734789967537
0.728718459606
0.731103003025
0.745077550411
0.735452473164
0.726299583912
0.728002011776
0.730321764946
0.739494681358
0.74228066206
0.74397110939
0.735289335251
0.738271355629
0.742988228798
0.726332724094
0.725302278996
0.727601051331
0.727661550045
0.730041086674
0.729981482029
0.734200119972
0.732047319412
0.734205365181
0.746384203434
0.746154665947
0.737355172634
0.726151108742
0.727292597294
0.726923763752
0.728273570538
0.729854643345
0.742476522923
0.737519741058
0.744215130806
0.747128367424
0.745682001114
0.740514099598
0.730080366135
0.732673287392
0.735884070396
0.731608629227
0.735226631165
0.729991257191
0.729779958725
0.743265330791
0.738255023956
0.726264297962
0.727721512318
0.728734970093
0.735754013062
0.732581377029
0.738789200783
0.737500727177
0.735869467258
0.746161520481
0.742818832397
0.72812461853
0.727026820183
0.727680504322
0.731247246265
0.730476140976
0.73286151886
0.73615115881
0.733450591564
0.74560135603
0.745312988758
0.735791325569
0.726936399937
0.727615892887
0.729469835758
0.730391860008
0.731900215149
0.73477178812
0.731986939907
0.740956544876
0.744499742985
0.729399561882
0.726546645164
0.727300167084
0.728075146675
0.728725790977
0.730236113071
0.744749367237
0.745908021927
0.746435582638
0.746267974377
0.743891894817
0.729417443275
0.728428900242
0.728804349899
0.729080677032
0.729975163937
0.740129947662
0.742638885975
0.7451800704
0.749913752079
0.743486881256
0.743817031384
0.727689385414
0.728179931641
0.730918824673
0.731931447983
0.732847511768
0.740992546082
0.739654481411
0.746395587921
0.796499669552
0.786771833897
0.743746399879
0.72729319334
0.727466583252
0.728058218956
0.729137480259
0.729345500469
0.729284286499
0.728100478649
0.73103171587
0.7465518713
0.745006680489
0.731233477592
0.727851688862
0.728081345558
0.732773065567
0.73075324297
0.73708319664
0.743612229824
0.738835453987
0.746649086475
0.771549761295
0.771354854107
0.744762420654
0.729290366173
0.728864371777
0.73490947485
0.733014762402
0.738222122192
0.745727598667
0.744523048401
0.747081696987
0.799003958702
0.76717710495
0.743924379349
0.728141844273
0.727898001671
0.732163310051
0.732612967491
0.738664805889
0.735601484776
0.731543004513
0.744284629822
0.74614584446
0.743667244911
0.727682113647
0.727561354637
0.727479815483
0.72966593504
0.729208469391
0.728757381439
0.727937340736
0.72914403677
0.744134962559
0.745905280113
0.741706192493
0.727328121662
0.728051066399
0.728104174137
0.728251755238
0.728267371655
0.729848206043
0.728411853313
0.730233252048
0.746463179588
0.744745016098
0.730486810207
0.728602528572
0.729625761509
0.731398642063
0.730135440826
0.73579621315
0.732720434666
0.731836915016
0.74682533741
0.74566835165
0.741906702518
0.7273183465
0.728587210178
0.740843236446
0.743039727211
0.744898080826
0.745604455471
0.745499432087
0.746076226234
0.747312307358
0.744612395763
0.729905486107
0.727860987186
0.727259993553
0.72783601284
0.728015899658
0.726876318455
0.727327167988
0.728378176689
0.742402672768
0.745257496834
0.732868075371
0.726594209671
0.727133154869
0.727614104748
0.728940248489
0.730547428131
0.733970880508
0.729026019573
0.734747290611
0.74586635828
0.744804918766
0.730081140995
0.728124856949
0.728948712349
0.731242239475
0.728609323502
0.728016138077
0.727854430676
0.728385210037
0.738144636154
0.746424078941
0.74447709322
0.728623270988
0.727175176144
0.72678732872
0.728481531143
0.728468954563
0.727061927319
0.727623999119
0.729849338531
0.746176123619
0.74634718895
0.745717823505
0.736833155155
0.72690397501
0.728337526321
0.733663201332
0.730002760887
0.727653980255
0.726989924908
0.728796243668
0.73171544075
0.746503889561
0.745857536793
0.741238832474
0.726709961891
0.726796329021
0.725553274155
0.726993322372
0.725415468216
0.725724339485
0.727955639362
0.731283485889
0.74652159214
0.744243860245
0.727727711201
0.726596772671
0.725784480572
0.726180136204
0.727406978607
0.725916564465
0.727716445923
0.729017674923
0.746206641197
0.746220707893
0.740933299065
0.726532816887
0.72669249773
0.725001633167
0.726555883884
0.725890815258
0.726179778576
0.728108525276
0.734073698521
0.746591448784
0.745916008949
0.742049813271
0.726745188236
0.727325797081
0.726464092731
0.727810204029
0.727220833302
0.728483319283
0.728598773479
0.734101295471
0.746724426746
0.746309459209
0.742986619473
0.726629137993
0.727507531643
0.726476669312
0.728669524193
0.728802084923
